12.214201211929321
6.5815160274505615
2.1856226921081543
72.98532295227051
121.4422378540039
3.682420015335083
217.73465013504028
2.622525215148926
169.58177304267883
188.1502730846405
2.9021990299224854
81.42320013046265
3.357322931289673
51.54861903190613
21.867308139801025
71.9003541469574
2.451627016067505
4.24546217918396
3.019243001937866
3.052184820175171
3.0949032306671143
4.45085597038269
28.31617498397827
54.22390007972717
11.480101823806763
4.18625020980835
3.2170491218566895
23.52079486846924
3.440185785293579
57.95526623725891
99.81066393852234
91.00221395492554
71.34200406074524
4.033097982406616
3.3512871265411377
41.541258096694946
5.970254898071289
364.2169768810272
333.9725000858307
123.10407519340515
276.4814820289612
249.20939874649048
35.27840781211853
2.351806879043579
195.20325708389282
5.852522134780884
46.57554483413696
251.09128975868225
73.40069723129272
2.8378419876098633
3.840276002883911
3.781599998474121
40.63277792930603
4.687060832977295
4.4110918045043945
2.0728108882904053
1.936089038848877
26.132365942001343
2.198948860168457
63.84587788581848
2.220113754272461
2.4717938899993896
40.15209412574768
4.453809976577759
77.59895420074463
72.57355117797852
61.56984496116638
95.93922472000122
3.9702601432800293
124.07937097549438
3.1305079460144043
30.303791999816895
49.23929691314697
39.85422992706299
2.7871251106262207
2.742281436920166
116.9613208770752
39.61296081542969
21.37598180770874
3.9818179607391357
3.0452470779418945
5.745228052139282
340.70913791656494
284.5037009716034
302.42660999298096
2.475644111633301
66.08034920692444
232.41807198524475
36.107972145080566
250.07564282417297
223.3668200969696
304.29039096832275
122.76094889640808
4.73531436920166
4.330897092819214
2.00465989112854
1.8261582851409912
5.416835069656372
4.846372127532959
1.8910930156707764
4.034157752990723
4.409182071685791
3.289154052734375
4.066203832626343
2.29441499710083
2.26871395111084
3.794710874557495
2.846557855606079
3.805166244506836
2.542929172515869
2.4500069618225098
3.0638461112976074
2.763166904449463
1.8115930557250977
2.5598950386047363
1.9734020233154297
3.2678730487823486
3.789158821105957
2.2917330265045166
2.980820894241333
2.261410713195801
2.4992241859436035
3.4143929481506348
3.309479236602783
5.995822191238403
2.5325212478637695
2.5694050788879395
2.920269727706909
2.7758779525756836
3.267220973968506
3.5688791275024414
2.4315619468688965
2.4700090885162354
3.486319065093994
3.0477840900421143
1.848858118057251
2.527543067932129
2.5531527996063232
3.508064031600952
3.2647290229797363
3.4150002002716064
6.385756969451904
8.042574167251587
10.124059200286865
7.3991711139678955
3.5231680870056152
2.852437734603882
2.728203058242798
4.430482864379883
5.1769490242004395
2.2305972576141357
3.0224099159240723
2.705274820327759
1.936345100402832
3.2037060260772705
3.9835498332977295
2.50885009765625
4.768115043640137
4.25288987159729
2.383502244949341
2.1912970542907715
3.658370018005371
2.2865829467773438
2.043599843978882
2.1398959159851074
2.6301589012145996
3.2746808528900146
2.8502278327941895
2.1381189823150635
2.2539658546447754
4.876460075378418
3.0298922061920166
5.590763092041016
5.56389307975769
2.137760877609253
3.6447699069976807
4.43691611289978
3.9250900745391846
2.2964041233062744
2.49104905128479
2.1184380054473877
2.591157913208008
5.944811105728149
6.623434066772461
2.800647020339966
2.1798858642578125
2.2606918811798096
3.4217541217803955
3.427159070968628
2.3561222553253174
3.996847152709961
2.623861074447632
6.346445083618164
7.503759145736694
4.7917609214782715
5.369507074356079
2.0166032314300537
1.9678308963775635
3.518350124359131
5.285003900527954
5.123575925827026
3.0258476734161377
4.2417590618133545
6.0328288078308105
6.074025869369507
5.707507133483887
5.995956897735596
5.230334043502808
3.177154064178467
2.328439950942993
4.367763996124268
2.294455051422119
3.27421498298645
2.762568950653076
3.186791181564331
2.3402371406555176
5.2766101360321045
3.9979567527770996
5.187565088272095
4.193731784820557
5.753427982330322
2.727867841720581
5.877683401107788
2.689969778060913
2.499540090560913
3.0000510215759277
3.4828569889068604
1.9058780670166016
2.9839260578155518
4.051415920257568
2.083858013153076
3.3330790996551514
3.1698219776153564
3.8091819286346436
3.9021859169006348
2.2228286266326904
3.0948050022125244
4.897860050201416
2.440314292907715
2.6732561588287354
2.0382959842681885
5.272032022476196
6.296683073043823
5.506685018539429
5.337111949920654
6.943312168121338
20.30164909362793
28.611935138702393
6.438023090362549
2.841223955154419
4.63752007484436
7.143660068511963
4.907454252243042
2.8593170642852783
7.118069887161255
3.5525529384613037
7.688161134719849
4.969202995300293
4.4401562213897705
3.425764322280884
5.414186000823975
2.1902620792388916
4.063610076904297
3.696601152420044
4.230874061584473
4.103878974914551
2.556615114212036
5.238461256027222
2.448549270629883
3.2046310901641846
3.8039467334747314
3.090824842453003
4.43814492225647
2.51497483253479
2.2205090522766113
3.84525203704834
3.1625280380249023
3.6999869346618652
3.664425849914551
2.0968120098114014
2.5132980346679688
2.296319007873535
2.7635929584503174
3.3024508953094482
5.94012713432312
4.952125787734985
2.0588619709014893
3.4144790172576904
2.0604841709136963
1.8980307579040527
1.994485855102539
1.9517676830291748
3.1348540782928467
7.50597882270813
2.5180130004882812
3.5237128734588623
4.675457954406738
3.2309088706970215
3.5837619304656982
4.216409683227539
3.7371082305908203
