3.009639024734497
2.204834222793579
2.0544488430023193
1.7985877990722656
2.475503921508789
3.042773962020874
1.7699918746948242
2.0815792083740234
5.007226943969727
3.3709030151367188
1.5107002258300781
3.0182178020477295
1.5031218528747559
1.582927942276001
3.014441967010498
1.8048522472381592
2.647747039794922
2.648538112640381
3.1421380043029785
3.5338358879089355
2.8032450675964355
6.067502021789551
1.9184720516204834
4.582546949386597
3.2141642570495605
5.483112812042236
2.308011054992676
2.3085970878601074
2.9405570030212402
1.7014119625091553
3.2362160682678223
2.8819468021392822
1.6499240398406982
2.317399024963379
2.7670998573303223
2.980942726135254
2.6899938583374023
2.836364984512329
5.347627878189087
7.322494983673096
7.913947820663452
7.231587171554565
2.8025002479553223
2.0793449878692627
2.332036018371582
3.981052875518799
3.025771141052246
1.8202810287475586
2.3944098949432373
1.78751802444458
1.429394245147705
2.964266061782837
3.566445827484131
2.5407180786132812
4.74645209312439
3.926624059677124
2.5511810779571533
3.126821994781494
1.7865989208221436
1.7693841457366943
2.2532598972320557
1.6356208324432373
2.237091064453125
2.2719030380249023
1.7345991134643555
1.9848833084106445
1.8141891956329346
4.656142950057983
3.3209500312805176
4.637990951538086
4.82591700553894
2.4694290161132812
3.64847731590271
4.098942995071411
3.7958290576934814
4.2757391929626465
2.9600751399993896
2.58563494682312
8.149150848388672
8.487066984176636
5.6356589794158936
1.9162392616271973
1.3384318351745605
1.734687089920044
3.3761022090911865
2.9976701736450195
2.052596092224121
5.283124208450317
2.5403950214385986
6.197827100753784
7.118642330169678
5.130582094192505
4.871729135513306
2.6528749465942383
1.4840607643127441
3.517914056777954
3.4125280380249023
4.635141849517822
2.9335172176361084
5.165976047515869
5.5028839111328125
6.2290191650390625
5.958658933639526
9.158092021942139
4.165534973144531
3.0682218074798584
2.443802833557129
4.911328077316284
2.234410047531128
3.6016087532043457
2.977457046508789
2.2243587970733643
2.3115289211273193
6.031470060348511
3.6816258430480957
4.792310953140259
3.298190116882324
5.780184984207153
4.319244861602783
5.288326740264893
1.803483009338379
2.974174976348877
1.7771618366241455
3.319096088409424
1.8430547714233398
5.870922088623047
5.616225004196167
2.1154727935791016
2.566627264022827
7.233299970626831
4.510404825210571
3.1132380962371826
1.866821050643921
2.026876211166382
5.6099467277526855
4.352531909942627
2.4855220317840576
2.2699971199035645
4.924949884414673
7.599066972732544
5.0363287925720215
5.3555028438568115
5.955090284347534
18.69283676147461
24.279557943344116
5.319185256958008
2.5157699584960938
4.609092950820923
5.8429341316223145
4.385433912277222
3.4853038787841797
6.391339063644409
3.285468101501465
8.15402603149414
6.169451951980591
2.658864974975586
4.6975178718566895
7.810960292816162
2.9435689449310303
4.084937810897827
3.6527130603790283
4.4532952308654785
3.993407964706421
2.628737688064575
4.484385013580322
2.8495748043060303
2.5993261337280273
3.5812618732452393
1.9995160102844238
3.070582151412964
2.2476301193237305
2.3783769607543945
3.0656192302703857
3.7263638973236084
4.008843898773193
3.8175601959228516
2.4278268814086914
2.270461082458496
3.1774308681488037
2.4866318702697754
3.473701238632202
4.968656063079834
4.608788013458252
1.8159961700439453
3.20281982421875
3.0222890377044678
1.8398947715759277
1.9830820560455322
1.5975489616394043
2.7071549892425537
6.451465845108032
3.2934157848358154
2.908787965774536
4.7455339431762695
4.014981031417847
3.583672046661377
3.914825916290283
3.5831618309020996
3.546938896179199
1.2335290908813477
4.188432931900024
4.313663005828857
2.040560245513916
3.526634931564331
3.2891860008239746
2.6815452575683594
2.8795740604400635
2.631044864654541
1.3034918308258057
1.9039771556854248
2.383650064468384
1.019995927810669
1.9776368141174316
2.3868658542633057
5.067989826202393
4.555848121643066
1.9468259811401367
4.539623022079468
5.395671129226685
3.065535068511963
3.1590890884399414
2.467909097671509
2.063192129135132
1.9813323020935059
2.3158140182495117
2.7478766441345215
1.7581689357757568
2.48471999168396
2.7404139041900635
2.773348808288574
2.0756399631500244
1.8495869636535645
1.698542833328247
2.187114953994751
3.5616631507873535
2.221181869506836
2.4608209133148193
2.6914620399475098
3.8948867321014404
3.733464241027832
3.5106592178344727
3.2877330780029297
2.9914660453796387
7.170341968536377
3.542022705078125
5.764201879501343
4.796332836151123
3.145504951477051
2.5280508995056152
2.637699842453003
3.759483814239502
3.068268060684204
2.2093870639801025
3.3448100090026855
2.9098401069641113
3.109124183654785
2.793513059616089
3.2854440212249756
5.1059651374816895
7.299790859222412
7.951269865036011
7.71209979057312
3.9241390228271484
2.1755268573760986
2.7658021450042725
3.440659999847412
3.497828722000122
2.4430229663848877
2.968496084213257
1.961205005645752
1.8203110694885254
3.46813702583313
4.281975984573364
3.679579734802246
4.070559024810791
4.379514694213867
1.882462978363037
1.9867072105407715
2.400698184967041
2.170381784439087
2.031794309616089
1.89400315284729
2.953866958618164
2.3312811851501465
2.211254119873047
15.16809892654419
2.75970196723938
4.621520757675171
3.4164469242095947
5.071331024169922
5.4990692138671875
3.432347059249878
3.6143250465393066
4.608867168426514
3.922853708267212
2.5286812782287598
2.5120270252227783
1.8865406513214111
2.4043970108032227
4.982728958129883
5.950683116912842
2.3219239711761475
3.7186050415039062
2.078113079071045
4.236017227172852
2.986276865005493
2.0670862197875977
4.6547019481658936
2.7375011444091797
5.341443061828613
7.015910863876343
4.6046648025512695
4.388354778289795
1.7890629768371582
1.7317719459533691
3.5126290321350098
4.916682958602905
4.736717939376831
2.3753468990325928
3.8934988975524902
5.350600242614746
4.6305670738220215
5.394820213317871
4.16310715675354
3.853384017944336
3.378117799758911
2.800189256668091
6.474372863769531
3.4994988441467285
3.370562791824341
2.8655030727386475
2.734671115875244
3.06730318069458
5.164546966552734
4.790709972381592
4.671580076217651
5.117272138595581
5.838274002075195
2.602813959121704
9.572378158569336
2.112993001937866
2.5447089672088623
2.129362106323242
2.9728200435638428
1.9088373184204102
3.5305938720703125
3.477221965789795
1.9733350276947021
2.8552379608154297
7.759866952896118
3.8289108276367188
3.276625871658325
2.134553909301758
2.261078119277954
4.524870157241821
2.733705997467041
2.3703222274780273
1.8605921268463135
4.26803994178772
5.322429895401001
5.3942790031433105
4.376155853271484
6.273829221725464
18.787930250167847
22.62592387199402
5.123460054397583
2.4516921043395996
4.473084926605225
6.541435241699219
4.742475986480713
3.772156000137329
6.950939178466797
3.763887882232666
7.11821722984314
6.145920038223267
2.6462581157684326
3.292064905166626
5.331051826477051
2.540856122970581
3.670811176300049
3.729323625564575
3.7882919311523438
3.8591361045837402
2.193296194076538
5.141695022583008
5.19547700881958
2.003081798553467
4.128983736038208
1.6433112621307373
2.4635558128356934
2.1043310165405273
2.615128993988037
3.588113307952881
2.8409030437469482
3.768651008605957
3.8566620349884033
2.293755292892456
2.4845802783966064
2.8763701915740967
5.721826791763306
3.2374050617218018
4.932966947555542
5.114917039871216
2.1709530353546143
3.5908141136169434
2.0925052165985107
2.5903077125549316
3.936826229095459
2.1345958709716797
2.709460973739624
5.754029035568237
2.5381920337677
3.8039627075195312
4.008788108825684
3.2846899032592773
4.438070774078369
3.418765068054199
4.14419412612915
