40
54
40
53
40
54
26
54
41
53
26
54
31
53
26
54
26
54
41
53
1985
40
53
2022
40
54
2021
40
53
5010
25
53
2134
40
54
2918
30
53
25
53
5506
26
54
5506
25
54
5505
41
54
40
53
4318
41
53
4241
41
53
4317
30
53
4766
30
54
4680
31
53
4766
40
54
40
54
1126
40
54
3029
41
55
1182
41
55
21
54
1630
20
53
1630
20
55
397
25
54
229
26
54
230
26
53
229
20
54
1517
21
53
1518
21
54
1517
25
54
41
53
26
55
31
54
40
55
41
53
41
55
398
41
54
341
41
54
342
41
55
1013
41
55
1014
40
55
1013
40
55
286
41
54
40
54
40
54
26
54
566
25
54
566
41
54
41
53
30
53
1797
40
54
678
40
55
677
41
53
6222
40
54
25
54
621
25
53
622
25
53
622
41
55
1182
41
55
1182
40
54
1182
41
55
31
55
41
53
958
40
54
958
40
54
957
41
54
40
53
8255
40
54
8201
41
54
8255
40
54
8370
41
53
8220
40
53
8369
40
54
8209
41
53
40
54
8105
40
53
8105
41
54
8106
41
53
8255
41
54
8256
40
54
8256
41
54
1105
41
53
1126
41
53
1105
40
54
41
54
5561
40
53
5560
40
53
5661
40
54
26
53
1070
26
54
1050
25
54
1069
40
53
7230
41
53
7229
41
53
7230
30
54
2022
30
53
2022
31
54
2022
30
53
41
53
40
53
40
53
1069
41
54
1070
41
54
1070
40
54
41
54
28
54
23
54
36
53
405
36
54
405
36
54
405
35
53
36
54
1676
36
53
1676
36
53
1676
36
54
35
53
36
54
704
36
53
1398
35
53
704
40
54
41
54
6401
40
54
41
53
1238
40
54
1237
40
54
2693
40
53
4585
40
54
40
54
6431
40
54
40
53
36
54
2766
36
54
2766
35
53
2766
40
54
31
54
519
30
53
519
30
54
519
31
55
917
31
55
917
30
54
917
41
55
632
40
53
462
41
55
632
26
53
26
54
40
53
3141
41
53
3140
41
54
3141
40
54
747
40
53
747
41
53
747
31
55
405
31
55
404
30
55
404
41
54
40
53
41
53
40
53
8285
40
53
8135
41
54
8136
40
53
8405
41
54
8555
40
53
8556
41
53
8405
41
54
8405
41
53
8405
26
53
28
54
1621
28
54
1621
28
53
1620
40
54
5527
41
55
8131
40
55
5527
41
54
774
40
54
787
41
53
788
41
54
8256
40
54
8255
40
54
8255
25
54
8357
26
54
8208
26
54
8357
40
54
8219
41
55
8070
41
55
8069
41
54
3030
41
54
3030
41
55
3031
41
54
41
55
25
53
26
53
41
55
41
54
31
55
40
54
41
54
41
54
41
53
41
54
30
54
41
54
41
54
40
54
41
53
30
55
41
54
41
54
20
54
25
54
21
54
21
53
41
54
31
54
41
54
40
54
40
54
40
53
40
55
40
54
40
54
41
53
41
54
41
54
40
53
41
54
41
53
47
54
40
53
40
54
30
54
41
55
30
54
41
54
40
54
40
53
41
53
40
54
40
54
41
53
41
53
41
54
41
53
41
54
41
53
40
54
41
54
30
53
31
53
41
53
41
54
41
54
40
54
40
54
39
48
39
54
36
53
36
53
36
53
55
49
36
53
35
53
36
54
35
53
36
53
41
53
40
53
40
54
40
54
41
53
40
54
40
53
40
54
44
53
40
54
31
54
40
55
40
55
41
54
40
54
20
54
44
54
40
53
41
54
30
55
41
54
26
53
41
53
40
54
41
53
40
53
25
53
39
52
41
54
41
54
41
55
41
54
41
54
40
54
40
55
40
54
41
55
41
54
40
54
40
54
40
53
35
54
40
53
40
53
41
53
30
54
40
54
40
54
41
53
40
54
36
54
55
48
40
53
36
53
41
54
36
53
40
55
39
49
40
54
40
54
40
53
41
54
56
51
41
54
41
54
55
51
35
53
40
53
41
55
41
55
26
55
41
53
41
54
40
55
41
55
41
53
35
53
35
53
41
55
40
54
40
54
40
54
41
55
56
51
35
53
40
54
40
55
40
53
40
54
41
54
41
54
41
55
40
55
41
54
41
54
41
53
25
55
41
53
41
54
46
54
40
54
39
53
41
53
41
54
40
53
41
53
40
54
41
55
40
53
40
54
40
54
56
50
41
55
40
55
40
54
41
54
41
53
40
55
56
52
35
54
56
48
26
53
40
54
41
54
41
54
41
53
40
54
40
54
40
53
40
54
40
53
