12.214201211929321
6.5815160274505615
2.1856226921081543
72.98532295227051
121.4422378540039
3.682420015335083
217.73465013504028
2.622525215148926
169.58177304267883
188.1502730846405
2.9021990299224854
81.42320013046265
3.357322931289673
51.54861903190613
21.867308139801025
71.9003541469574
2.451627016067505
4.24546217918396
3.019243001937866
3.052184820175171
3.0949032306671143
4.45085597038269
28.31617498397827
54.22390007972717
11.480101823806763
4.18625020980835
3.2170491218566895
23.52079486846924
3.440185785293579
57.95526623725891
99.81066393852234
91.00221395492554
71.34200406074524
4.033097982406616
3.3512871265411377
41.541258096694946
5.970254898071289
364.2169768810272
333.9725000858307
123.10407519340515
276.4814820289612
249.20939874649048
35.27840781211853
2.351806879043579
195.20325708389282
5.852522134780884
46.57554483413696
251.09128975868225
73.40069723129272
2.8378419876098633
3.840276002883911
3.781599998474121
40.63277792930603
4.687060832977295
4.4110918045043945
2.0728108882904053
1.936089038848877
26.132365942001343
2.198948860168457
63.84587788581848
2.220113754272461
2.4717938899993896
40.15209412574768
4.453809976577759
77.59895420074463
72.57355117797852
61.56984496116638
95.93922472000122
3.9702601432800293
124.07937097549438
3.1305079460144043
30.303791999816895
49.23929691314697
39.85422992706299
2.7871251106262207
2.742281436920166
116.9613208770752
39.61296081542969
21.37598180770874
3.9818179607391357
3.0452470779418945
5.745228052139282
340.70913791656494
284.5037009716034
302.42660999298096
2.475644111633301
66.08034920692444
232.41807198524475
36.107972145080566
250.07564282417297
223.3668200969696
304.29039096832275
122.76094889640808
4.73531436920166
4.330897092819214
2.00465989112854
1.8261582851409912
5.416835069656372
4.846372127532959
1.8910930156707764
4.034157752990723
4.409182071685791
3.289154052734375
4.066203832626343
2.29441499710083
2.26871395111084
3.794710874557495
2.846557855606079
3.805166244506836
2.542929172515869
2.4500069618225098
3.0638461112976074
2.763166904449463
1.8115930557250977
2.5598950386047363
1.9734020233154297
3.2678730487823486
3.789158821105957
2.2917330265045166
2.980820894241333
2.261410713195801
2.4992241859436035
3.4143929481506348
3.309479236602783
5.995822191238403
2.5325212478637695
2.5694050788879395
2.920269727706909
2.7758779525756836
3.267220973968506
3.5688791275024414
2.4315619468688965
2.4700090885162354
3.486319065093994
3.0477840900421143
1.848858118057251
2.527543067932129
2.5531527996063232
3.508064031600952
3.2647290229797363
3.4150002002716064
6.385756969451904
8.042574167251587
10.124059200286865
7.3991711139678955
3.5231680870056152
2.852437734603882
2.728203058242798
4.430482864379883
5.1769490242004395
2.2305972576141357
3.0224099159240723
2.705274820327759
1.936345100402832
3.2037060260772705
3.9835498332977295
2.50885009765625
4.768115043640137
4.25288987159729
2.383502244949341
2.1912970542907715
3.658370018005371
2.2865829467773438
2.043599843978882
2.1398959159851074
2.6301589012145996
3.2746808528900146
2.8502278327941895
2.1381189823150635
2.2539658546447754
4.876460075378418
3.0298922061920166
5.590763092041016
5.56389307975769
2.137760877609253
3.6447699069976807
4.43691611289978
3.9250900745391846
2.2964041233062744
2.49104905128479
2.1184380054473877
2.591157913208008
5.944811105728149
6.623434066772461
2.800647020339966
2.1798858642578125
2.2606918811798096
3.4217541217803955
3.427159070968628
2.3561222553253174
3.996847152709961
2.623861074447632
6.346445083618164
7.503759145736694
4.7917609214782715
5.369507074356079
2.0166032314300537
1.9678308963775635
3.518350124359131
5.285003900527954
5.123575925827026
3.0258476734161377
4.2417590618133545
6.0328288078308105
6.074025869369507
5.707507133483887
5.995956897735596
5.230334043502808
3.177154064178467
2.328439950942993
4.367763996124268
2.294455051422119
3.27421498298645
2.762568950653076
3.186791181564331
2.3402371406555176
5.2766101360321045
3.9979567527770996
5.187565088272095
4.193731784820557
5.753427982330322
2.727867841720581
5.877683401107788
2.689969778060913
2.499540090560913
3.0000510215759277
3.4828569889068604
1.9058780670166016
2.9839260578155518
4.051415920257568
2.083858013153076
3.3330790996551514
3.1698219776153564
3.8091819286346436
3.9021859169006348
2.2228286266326904
3.0948050022125244
4.897860050201416
2.440314292907715
2.6732561588287354
2.0382959842681885
5.272032022476196
6.296683073043823
5.506685018539429
5.337111949920654
6.943312168121338
20.30164909362793
28.611935138702393
6.438023090362549
2.841223955154419
4.63752007484436
7.143660068511963
4.907454252243042
2.8593170642852783
7.118069887161255
3.5525529384613037
7.688161134719849
4.969202995300293
4.4401562213897705
3.425764322280884
5.414186000823975
2.1902620792388916
4.063610076904297
3.696601152420044
4.230874061584473
4.103878974914551
2.556615114212036
5.238461256027222
2.448549270629883
3.2046310901641846
3.8039467334747314
3.090824842453003
4.43814492225647
2.51497483253479
2.2205090522766113
3.84525203704834
3.1625280380249023
3.6999869346618652
3.664425849914551
2.0968120098114014
2.5132980346679688
2.296319007873535
2.7635929584503174
3.3024508953094482
5.94012713432312
4.952125787734985
2.0588619709014893
3.4144790172576904
2.0604841709136963
1.8980307579040527
1.994485855102539
1.9517676830291748
3.1348540782928467
7.50597882270813
2.5180130004882812
3.5237128734588623
4.675457954406738
3.2309088706970215
3.5837619304656982
4.216409683227539
3.7371082305908203
0.06658315658569336
0.05637097358703613
1.189105749130249
1.059762954711914
0.05528998374938965
0.2861497402191162
0.40714216232299805
0.19263887405395508
5.970530033111572
5.642941951751709
8.685399055480957
8.142944097518921
5.596682071685791
7.326745986938477
6.841358661651611
6.352944850921631
6.897596836090088
5.904691934585571
6.2081520557403564
5.98099422454834
5.3665361404418945
7.145292043685913
6.716001033782959
6.5106117725372314
7.503950119018555
7.271885871887207
6.555893182754517
6.6442461013793945
6.038177013397217
5.633149862289429
7.533304929733276
6.3184449672698975
6.9107818603515625
6.796528100967407
6.494441986083984
6.480358123779297
8.00642204284668
7.644041061401367
6.1252522468566895
6.802354097366333
6.076034069061279
6.375105142593384
7.114468097686768
7.4682347774505615
5.9894630908966064
6.523717164993286
6.98232889175415
6.634434938430786
5.136615991592407
6.323081016540527
5.511101245880127
6.399648904800415
6.7679290771484375
6.721193075180054
9.035431861877441
10.301193952560425
11.770455837249756
11.713739156723022
7.361984968185425
6.495173931121826
6.831982851028442
6.715131998062134
8.027254104614258
6.0152411460876465
6.591986179351807
5.406683921813965
6.723611116409302
7.535848140716553
7.272239923477173
6.595858812332153
8.026928186416626
8.583290100097656
5.760230779647827
6.286597967147827
5.969757318496704
5.550618886947632
6.004129886627197
5.633526086807251
5.902913808822632
6.256051063537598
5.370656967163086
6.1126708984375
6.157233953475952
8.581692934036255
6.087476015090942
6.502584934234619
8.464428186416626
6.605000972747803
6.858553886413574
8.356043100357056
7.127155065536499
6.773244142532349
5.968348979949951
5.742991209030151
5.569326162338257
9.057862281799316
9.116652965545654
6.278985023498535
5.732875108718872
6.195814847946167
7.52656626701355
6.88246488571167
6.47535514831543
6.760104179382324
6.1939568519592285
8.440598964691162
11.313379049301147
7.121572971343994
7.820523023605347
6.681848049163818
5.957207202911377
6.494833946228027
7.275119066238403
8.33378267288208
6.747785806655884
7.801784038543701
9.4877610206604
9.271212816238403
9.421142816543579
7.5133140087127686
8.131072044372559
6.692334175109863
6.337072134017944
8.263176918029785
5.794608116149902
6.889944791793823
6.610982894897461
5.945875883102417
6.729754209518433
8.44277811050415
5.958520174026489
7.967617988586426
7.69704008102417
9.180277109146118
6.2064759731292725
9.354883909225464
6.7131781578063965
6.730630874633789
5.414679050445557
6.917296886444092
5.591155767440796
6.371667861938477
6.937515020370483
6.059404134750366
6.320873975753784
11.807044744491577
7.775397300720215
6.806983947753906
5.854244232177734
5.771737098693848
8.561012029647827
6.146069049835205
7.016213893890381
5.902347803115845
8.283823251724243
9.456343173980713
8.99379301071167
9.646080017089844
9.435697078704834
23.010967016220093
30.639036178588867
9.522746324539185
5.741125106811523
8.714140892028809
10.116912841796875
8.2078218460083
7.108886957168579
11.451097011566162
7.079582929611206
11.023853778839111
10.017357110977173
5.839993000030518
7.4554572105407715
9.299628973007202
6.029195070266724
6.669035196304321
8.014357805252075
7.641501188278198
8.155036211013794
6.427390098571777
6.566879034042358
6.3082029819488525
5.83852481842041
6.719738245010376
5.9810569286346436
6.310302972793579
6.4045250415802
6.0233259201049805
6.229156732559204
6.570650100708008
6.759000062942505
5.926106929779053
6.707916021347046
5.814513921737671
5.892632007598877
6.948262929916382
6.889135837554932
9.135648012161255
8.351716041564941
5.577385902404785
7.234579086303711
6.127088785171509
6.33422327041626
5.999075889587402
6.366366147994995
6.482398986816406
9.167263984680176
5.475250959396362
6.6283910274505615
8.500176191329956
6.770094871520996
6.403923034667969
6.3008668422698975
6.3969268798828125
19.595152854919434
31.69994807243347
14.49628496170044
24.679586172103882
5.495264053344727
14.20335602760315
12.415817975997925
10.42882776260376
12.288242816925049
7.7672119140625
12.957704305648804
16.965166091918945
14.951987981796265
15.747611999511719
22.150722980499268
15.189198970794678
7.309897184371948
13.058777093887329
16.967584133148193
13.441005945205688
12.543689966201782
13.344372987747192
14.294904947280884
15.036861181259155
13.213813066482544
6.726911783218384
12.039868831634521
12.213994026184082
11.689795732498169
17.628968000411987
11.279924154281616
44.28045296669006
34.64128112792969
52.517638206481934
14.540402889251709
16.844149112701416
17.767403841018677
11.00436520576477
37.986743211746216
42.3179612159729
17.069666862487793
22.23371911048889
19.377509117126465
14.729718923568726
15.547963857650757
15.05279803276062
6.033337831497192
12.086475849151611
10.57387900352478
16.91208505630493
12.991843223571777
16.37358808517456
6.092639923095703
14.040075063705444
39.82254695892334
14.82934284210205
24.791326999664307
13.226593971252441
17.243054151535034
23.278823375701904
26.32943606376648
10.955491065979004
9.70051383972168
20.03193497657776
20.629337072372437
19.260789155960083
25.7573299407959
13.252019882202148
11.94244909286499
17.283589839935303
6.422074794769287
24.19738006591797
47.99730086326599
44.923465967178345
49.60806679725647
22.42687678337097
16.582891941070557
42.21813201904297
39.712584018707275
47.64496088027954
43.78945994377136
43.56842231750488
25.18992304801941
31.710792779922485
8.879916906356812
0.29883289337158203
0.15094614028930664
0.11647510528564453
0.1432030200958252
0.12627816200256348
1.8073599338531494
1.017775058746338
0.9137527942657471
1.1727406978607178
1.2010440826416016
1.446216106414795
0.982774019241333
1.3517701625823975
0.9154543876647949
1.175933837890625
0.7732241153717041
1.4882922172546387
1.174332857131958
1.3657262325286865
53.86387491226196
40.11703610420227
5.134404897689819
91.06855082511902
3.619401216506958
73.10076904296875
56.44353795051575
3.0955650806427
36.953795194625854
3.6660959720611572
23.99462127685547
4.938570976257324
24.54084086418152
40.938270807266235
4.159610033035278
15.10995626449585
2.968989133834839
3.642296075820923
3.271324872970581
9.330806016921997
13.010931968688965
6.421875953674316
3.237485885620117
3.3215980529785156
56.992636919021606
4.2075910568237305
69.83860111236572
4.953251123428345
9.412588119506836
14.783884048461914
10.299958944320679
2.648175001144409
19.303833723068237
3.9534099102020264
35.85277080535889
118.52277207374573
103.28778910636902
95.70152711868286
109.86914014816284
16.45398211479187
2.7204229831695557
123.67807602882385
5.069106340408325
23.193323850631714
111.15850329399109
23.648606300354004
24.564741134643555
3.3597090244293213
4.398552179336548
13.671576976776123
4.582150220870972
4.751741886138916
2.724769115447998
2.0383660793304443
6.898448944091797
2.2466487884521484
19.43950605392456
15.451315879821777
2.932013988494873
18.317333936691284
11.000885009765625
69.16083192825317
18.50008511543274
64.22094082832336
4.061856031417847
4.472485780715942
36.12480688095093
4.40777587890625
8.28867483139038
22.685630083084106
17.93842887878418
3.968029260635376
2.3821890354156494
36.2689471244812
12.110353231430054
3.9047470092773438
4.894093751907349
3.4414570331573486
7.431603908538818
100.69835805892944
4.664191961288452
120.8921229839325
2.264631748199463
37.607506275177
72.23152184486389
11.422372817993164
102.4486951828003
98.2927188873291
72.09888291358948
34.66034507751465
5.630996942520142
4.582013368606567
101.7900710105896
174.3823459148407
2.5759077072143555
169.74333882331848
2.261080026626587
213.506502866745
160.7706048488617
2.1586880683898926
47.15006613731384
4.050600290298462
58.9126091003418
15.533443927764893
46.25030875205994
2.1138129234313965
3.5091216564178467
2.147096872329712
2.3612818717956543
2.546759843826294
3.2071919441223145
28.476236820220947
41.10837411880493
8.247189044952393
2.7171120643615723
2.9714529514312744
2.449420213699341
2.707136869430542
47.05575680732727
3.3583991527557373
25.177378177642822
69.0719530582428
2.39255690574646
2.5879058837890625
32.612853050231934
2.474173069000244
129.76638197898865
291.13530230522156
132.0963430404663
296.8276250362396
326.43788409233093
47.38472080230713
2.6085920333862305
181.3560450077057
3.7008190155029297
44.25932335853577
391.01178908348083
90.21381974220276
76.06741094589233
7.0738279819488525
14.94838571548462
49.00157594680786
4.6054527759552
4.537276744842529
1.9680850505828857
3.9157590866088867
20.20770835876465
2.8865270614624023
65.528883934021
2.556236982345581
2.690134048461914
58.61156105995178
4.665284872055054
222.00592803955078
62.52567005157471
149.70361018180847
3.911628007888794
4.519548177719116
284.6057798862457
2.5344390869140625
20.76877999305725
40.956900119781494
36.74558401107788
2.8901188373565674
2.0895628929138184
105.79433512687683
32.32558012008667
18.43712306022644
3.8740360736846924
2.4389889240264893
5.776127815246582
0.0003349781036376953
17.61674404144287
