14.780687808990479
18.99337100982666
8.22834300994873
36.0611310005188
18.542417764663696
31.685657024383545
20.302550077438354
12.660486698150635
41.94531512260437
55.096338987350464
7.711539030075073
101.79209494590759
42.63012480735779
91.18728804588318
46.584410190582275
36.566425800323486
30.398881196975708
63.742311000823975
54.92286801338196
33.35571002960205
59.921661376953125
6.530683994293213
71.24476599693298
29.296209812164307
137.46894097328186
77.71811294555664
108.63490700721741
44.64559507369995
56.042799949645996
46.02613306045532
96.38336086273193
34.24376678466797
51.3330500125885
37.75240135192871
6.2304229736328125
42.94915199279785
35.663336753845215
46.94882297515869
39.63572406768799
99.45789694786072
33.356308937072754
7.395797967910767
79.94457483291626
37.5281081199646
20.682077884674072
37.615947008132935
32.878228187561035
168.84558486938477
100.79005789756775
140.2872393131256
136.4424660205841
152.5829360485077
46.08061623573303
71.96096897125244
46.31224870681763
35.10867500305176
46.47842597961426
39.02262806892395
123.97647404670715
56.20049285888672
48.15466904640198
68.62543511390686
106.04085493087769
50.48370289802551
33.1505229473114
47.14313197135925
39.8496880531311
5.763644218444824
54.216981410980225
5.88107967376709
5.450155973434448
32.99120306968689
43.64341711997986
48.99337410926819
44.08632779121399
31.20184326171875
41.94760608673096
44.233481884002686
50.80832099914551
71.64967918395996
6.041560888290405
59.54726982116699
48.09803128242493
60.20501708984375
80.91306185722351
34.77277493476868
32.15897607803345
145.95975303649902
59.768649101257324
91.35920095443726
45.004170417785645
33.30539107322693
39.73806405067444
17.325448989868164
49.78524589538574
6.9635231494903564
50.35522198677063
137.21758484840393
135.78734374046326
51.28078889846802
52.63211703300476
36.66540598869324
130.39883303642273
132.9826591014862
142.52793073654175
135.47815012931824
138.66539192199707
131.19621562957764
30.696747064590454
95.34274196624756
37.71192288398743
77.02328395843506
38.893054246902466
52.534146785736084
15.553796768188477
6.5908448696136475
6.850172996520996
8.315270900726318
7.666245937347412
6.190226078033447
6.08045506477356
5.787399053573608
5.864103078842163
6.551962852478027
7.233808994293213
6.155760765075684
6.165534973144531
6.836796283721924
6.692168951034546
6.3865416049957275
5.967646837234497
6.584542989730835
5.901733875274658
8.230638980865479
6.278533935546875
7.248041868209839
6.850750923156738
7.647936105728149
7.1857380867004395
7.479391813278198
7.089919090270996
6.223928213119507
6.805217981338501
6.632303953170776
7.326514005661011
7.874960899353027
6.359883785247803
5.915096759796143
7.219544172286987
6.96504282951355
7.051579713821411
7.4723899364471436
6.387797832489014
6.385938882827759
5.690078020095825
8.802057266235352
10.35141110420227
13.124727010726929
12.281867027282715
7.327958822250366
6.439734935760498
5.557203054428101
6.510021209716797
7.669218063354492
5.3454179763793945
7.13145112991333
6.079608201980591
5.951345920562744
6.540973663330078
7.2102179527282715
6.610279321670532
7.601465940475464
9.061192750930786
5.574516773223877
6.154847860336304
5.8267810344696045
5.815860033035278
4.99534797668457
5.635106086730957
5.102880954742432
5.425524950027466
5.134696006774902
6.153130292892456
8.911688804626465
5.599775075912476
6.661994695663452
8.49178409576416
5.84201192855835
7.327626943588257
7.9182069301605225
6.572946786880493
5.9297401905059814
5.4368860721588135
5.2125608921051025
8.829009056091309
9.965051174163818
6.519736051559448
5.667922019958496
7.4013707637786865
6.333115816116333
6.102859973907471
6.4948890209198
6.817518711090088
9.039279222488403
10.312020301818848
7.993681907653809
8.230797052383423
6.089937210083008
5.213783025741577
6.66876482963562
7.025695323944092
8.823705911636353
6.293026924133301
8.552164316177368
8.5609769821167
7.539511203765869
8.003696918487549
7.8265159130096436
8.096997261047363
0.1466689109802246
0.10316085815429688
1.199220895767212
0.962252140045166
0.09847593307495117
0.3236570358276367
0.4386270046234131
