2.0109779834747314
1.9728069305419922
7.166208982467651
6.670767784118652
1.8754560947418213
2.647594928741455
3.5005760192871094
2.7369577884674072
2.793887138366699
2.0075981616973877
1.7414700984954834
2.6346421241760254
2.0928449630737305
2.39544677734375
2.0020689964294434
2.155876874923706
2.2848429679870605
2.502535104751587
1.6516361236572266
1.8809232711791992
1.8918380737304688
1.9060399532318115
4.059600114822388
2.191904067993164
2.571125030517578
2.246729850769043
2.2401680946350098
2.8114891052246094
3.0090558528900146
3.299964189529419
1.9073209762573242
2.536155939102173
2.472564220428467
2.3667960166931152
2.276484727859497
2.658845901489258
2.1071579456329346
1.9637532234191895
2.980863094329834
2.4403300285339355
1.789536952972412
2.5350899696350098
1.994128942489624
2.2470428943634033
2.111743927001953
3.0691089630126953
4.755177021026611
5.86196494102478
7.567439079284668
7.079109191894531
2.598507881164551
1.9815490245819092
2.2830770015716553
3.6253268718719482
3.4516141414642334
2.0672569274902344
2.7318100929260254
1.674994945526123
1.709481954574585
2.743860960006714
3.0799431800842285
2.2738709449768066
3.888338088989258
4.037046194076538
1.7191359996795654
1.7169950008392334
1.8170528411865234
1.8355121612548828
1.649125099182129
1.558885097503662
1.7725999355316162
1.6983599662780762
1.8356187343597412
1.7979800701141357
1.982144832611084
4.228219985961914
2.419374704360962
4.383697986602783
4.710408926010132
2.204314708709717
3.043529987335205
3.042120933532715
3.174631118774414
1.8493118286132812
1.977046012878418
1.864948034286499
1.7019219398498535
4.670774936676025
5.385982990264893
2.7377521991729736
1.5668971538543701
2.0427000522613525
3.5169970989227295
3.6441478729248047
1.9651620388031006
3.2617411613464355
2.2160720825195312
5.045732736587524
6.4772789478302
3.854346990585327
4.195428133010864
1.7015330791473389
1.4950857162475586
3.5568859577178955
2.5401668548583984
3.218268871307373
2.924575090408325
3.9561071395874023
5.3235650062561035
4.8368940353393555
5.277807712554932
3.8326027393341064
3.6293509006500244
3.006946086883545
1.9995808601379395
3.4521987438201904
2.0014688968658447
2.5913751125335693
2.4201700687408447
2.57405686378479
2.468322992324829
4.2975242137908936
2.5817108154296875
3.75046706199646
3.4799768924713135
5.6409010887146
1.5310728549957275
5.146810054779053
2.4182398319244385
1.9740040302276611
1.6795001029968262
2.784862995147705
1.79240083694458
2.6713101863861084
3.108344078063965
1.8061680793762207
2.46608304977417
7.321382999420166
3.4812309741973877
3.314487934112549
1.9701781272888184
2.0222721099853516
4.394057273864746
2.288567066192627
2.061108112335205
1.8878490924835205
4.526656866073608
6.007219314575195
5.70007586479187
4.261763095855713
5.794779062271118
17.725540161132812
19.131803274154663
4.74051308631897
2.211967945098877
4.138411045074463
5.74974513053894
4.704122066497803
3.4292008876800537
6.415521144866943
2.872648000717163
7.432707071304321
5.979373931884766
2.5266618728637695
3.123897075653076
5.015234708786011
2.2611660957336426
3.4533708095550537
3.4330289363861084
3.964866876602173
3.3918657302856445
2.0338470935821533
4.76633095741272
2.0927181243896484
1.8891048431396484
3.1079208850860596
2.3192861080169678
2.264763832092285
2.530489921569824
2.0525460243225098
3.052488088607788
2.443186044692993
3.507256031036377
2.787646770477295
1.8494999408721924
1.9262700080871582
2.5257747173309326
2.5853588581085205
3.0117220878601074
5.162564039230347
4.324655055999756
2.1109509468078613
2.6871540546417236
1.5416688919067383
1.9157350063323975
1.7225420475006104
1.781343936920166
2.734750270843506
5.332050085067749
2.196599245071411
2.5527329444885254
3.610617160797119
2.426427125930786
2.4976181983947754
3.0579471588134766
2.8996920585632324