1.8686821460723877
2.5180349349975586
4.088507890701294
2.8144991397857666
2.9237172603607178
2.267338991165161
2.081634044647217
2.1347129344940186
1.936276912689209
4.926300287246704
2.6361472606658936
2.2738561630249023
2.5299079418182373
2.3442916870117188
1.682394027709961
2.5132980346679688
1.5925698280334473
1.8307671546936035
3.1977789402008057
2.2047319412231445
2.294153928756714
2.3121087551116943
2.6344480514526367
5.6014368534088135
3.3867220878601074
2.4224541187286377
3.0830399990081787
2.961606025695801
2.553524971008301
3.897613048553467
0.44969606399536133
3.2343387603759766
3.1052298545837402
3.87062406539917
2.823345184326172
2.5769309997558594
2.2183220386505127
3.4821271896362305
2.2563390731811523
2.765944242477417
4.8363189697265625
6.1417930126190186
7.335855960845947
7.1460840702056885
4.8990819454193115
2.628312826156616
3.931947708129883
7.965482950210571
3.853163957595825
1.9879319667816162
2.8106889724731445
1.7094478607177734
1.630324125289917
2.9094908237457275
3.3113601207733154
2.3279647827148438
3.812972068786621
3.933870792388916
2.5427541732788086
3.2949459552764893
2.6246039867401123
2.245753049850464
1.8536231517791748
2.2249531745910645
1.842729091644287
1.9616639614105225
1.750382900238037
1.7556867599487305
4.248356103897095
2.532745122909546
4.627397298812866
4.820040941238403
2.1253929138183594
3.2419636249542236
3.54237699508667
2.3285160064697266
2.2355141639709473
1.9571120738983154
2.0244977474212646
5.137948751449585
6.087759017944336
2.785071849822998
1.6224548816680908
3.8792760372161865
3.597809076309204
1.8645009994506836
3.3814709186553955
2.3472330570220947
5.236655950546265
6.518731117248535
3.9766359329223633
4.364026069641113
1.5407559871673584
1.8119399547576904
3.320880889892578
3.0439670085906982
3.510988712310791
2.86517333984375
3.912806987762451
5.991267204284668
6.833936929702759
3.8527941703796387
3.5497992038726807
3.7764620780944824