6.041308164596558
6.914240837097168
9.162922382354736
8.030928134918213
8.481231927871704
7.220667839050293
6.922343730926514
7.037090063095093
7.320527076721191
5.711498975753784
5.782159090042114
7.312487840652466
6.242357969284058
7.0315940380096436
6.756911993026733
6.753284931182861
6.506631851196289
7.022969007492065
6.133877992630005
7.076815128326416
5.4043731689453125
5.814659118652344
7.658941984176636
6.183876991271973
6.875313997268677
6.110744953155518
6.886312961578369
7.300860166549683
7.396627902984619
7.095686912536621
6.582911968231201
5.763561964035034
6.632664918899536
7.509787082672119
7.6449339389801025
6.872249126434326
6.433839797973633
6.48329496383667
8.042315006256104
6.995689153671265
5.463778972625732
7.122850179672241
6.231377840042114
6.384010076522827
7.2986061573028564
6.591775894165039
9.572916984558105
10.338011741638184
12.408913850784302
11.899837017059326
7.082294940948486
6.241573810577393
6.168252944946289
5.999549865722656
8.210224866867065
5.86292290687561
7.482748985290527
6.128817796707153
6.2986109256744385
6.412231922149658
7.800195932388306
7.069055080413818
7.65077805519104
8.40089225769043
5.423257827758789
5.382053852081299
5.916182994842529
5.75679087638855
5.95005202293396
5.644300699234009
6.284279823303223
5.797357082366943
5.751944065093994
5.495437860488892
8.025501012802124
6.758450984954834
9.632922172546387
9.873218059539795
5.919939041137695
7.333085060119629
7.7913498878479
7.021593809127808
6.709061145782471
6.053355693817139
5.849400758743286
6.294759750366211
9.182903051376343
9.315660953521729
6.982644081115723
6.267638921737671
6.482457160949707
8.013887882232666
7.057740926742554
6.669559717178345
6.382460355758667
6.560399055480957
8.990753889083862
11.546988725662231
7.500610113143921
9.04086184501648
6.695815086364746
6.0907299518585205
7.694762945175171
7.869179725646973
8.876946926116943
7.148388147354126
7.883923053741455
9.86391568183899
9.935075998306274
9.399878025054932
8.51178789138794
8.148476839065552
7.525473117828369
6.049552917480469
7.855954885482788
5.942718029022217
7.546935081481934
6.470319032669067
5.860588073730469
6.212506055831909
8.879323959350586
6.162914991378784
8.439184188842773
7.824385643005371
9.559793949127197
6.170581817626953
9.206565141677856
6.211559057235718
6.4725022315979
5.453995943069458
7.251594066619873
6.6249682903289795
7.64388108253479
7.618800163269043
5.991256237030029
6.926772117614746
11.493686199188232
7.807238817214966
6.973245143890381
5.186891078948975
5.553178310394287
8.47295594215393
6.066373109817505
6.585675954818726
6.3413169384002686
7.823984146118164
9.974101781845093
9.415855169296265
9.885680913925171
10.25537395477295
22.456001043319702
30.18957495689392
10.084117889404297
7.404526233673096
8.32282304763794
10.163278102874756
8.649402856826782
7.4171459674835205
10.158568143844604
7.507128000259399
11.231601238250732
9.065418720245361
6.2027976512908936
7.218311786651611
9.02794599533081
6.30443811416626
7.964143991470337
6.546365976333618
8.38721489906311
7.482947826385498
5.708342790603638
8.616604804992676
6.243102073669434
6.242210865020752
8.331295013427734
6.043918132781982
6.556375980377197
7.877156019210815
6.544538974761963
6.936733245849609
7.141786813735962
7.737260103225708
7.024705171585083
5.936947822570801
5.668747901916504
6.161173105239868
7.036600112915039
9.041778802871704
8.500138998031616
5.946544170379639
7.413351774215698
5.567394971847534
5.772830963134766
5.711511850357056
6.630083084106445
6.881433010101318
9.6613130569458
7.222986936569214
6.810486078262329
8.871838808059692
7.108406066894531
7.0366010665893555
6.308692932128906
7.160099983215332
