586
555
554
597
553
527
568
574
508
522
598
555
504
558
535
541
571
559
544
561
529
527
509
539
703
558
574
530
466
511
551
516
575
555
501
567
630
535
536
548
601
567
598
556
565
586
545
572
577
522
615
532
528
535
608
557
625
550
650
601
686
520
530
552
500
536
546
519
669
501
621
559
582
795
499
541
561
517
544
521
613
533
533
525
572
550
835
512
545
513
545
541
488
539
571
512
645
522
491
525
602
573
550
573
516
532
604
525
535
613
626
565
540
547
807
538
522
531
529
557
589
544
512
550
485
513
530
577
495
537
535
546
491
551
660
579
634
535
608
499
652
509
523
533
496
540
546
513
541
533
543
563
505
562
560
577
532
506
662
541
535
539
574
515
533
540
580
570
526
530
606
622
634
514
546
574
543
527
611
520
596
542
563
525
528
553
468
515
563
587
596
542
584
522
563
543
518
529
544
555
617
501
568
565
646
517
715
623
